1019 1000 1
1869
2536
3557
1010
719
2444
7790
299
9784
3169
9078
5241
145
7713
100
8244
1486
975
1134
3595
9027
2829
3405
4231
5609
4049
9870
299
9474
1752
6203
95
201
3131
7082
9966
9516
9681
8676
1180
9422
4533
8152
9292
8649
2777
5376
2112
7297
3724
8261
3698
671
9896
9247
915
908
4303
4207
9987
1884
7735
5265
4672
8941
1923
2652
9474
4896
4149
9884
1830
7095
7616
754
7770
9472
6403
7337
3289
9729
5443
8140
7174
1764
4375
5575
8430
693
1242
1276
809
1658
396
759
4402
4866
170
851
5975
7425
1712
318
2035
9947
252
1578
314
190
6821
6710
549
646
5964
5005
3983
619
5057
365
2734
2509
9353
267
4006
499
2814
3332
619
7696
3512
9559
5717
7623
2395
5330
1161
4225
8049
5386
5302
9405
1961
3439
5020
4855
5664
1455
5588
1035
431
809
4908
4076
3668
1509
9554
1136
4998
9458
4243
6254
7060
7792
5380
8108
5917
9488
2001
9122
8229
5305
7076
3970
1142
3916
5720
732
2693
7385
2190
605
1447
1619
1152
7752
2532
8162
1700
1785
6651
8216
9620
2309
4774
4631
5916
1445
6159
1040
1395
165
258
4526
1485
1768
1685
3749
4016
5134
1286
1061
2725
5177
452
2884
4482
3308
7600
6219
662
5525
1637
6206
7908
6733
1158
1986
7012
6765
6695
2987
2374
1363
7983
9075
3113
1701
6765
4994
6395
1253
1752
8042
4865
9926
6715
9442
6873
7918
1073
1734
5390
9852
7980
6476
924
3340
6797
4602
7093
4217
5263
2007
2020
7523
4725
575
815
6465
2022
8923
4466
2456
9413
5024
3322
7212
1974
8118
1583
7863
5693
1900
9109
7128
8937
8523
68
5053
7282
2824
8855
2212
9295
9533
5299
1934
2651
714
9417
7013
24
8792
7725
2288
2900
5999
3239
1493
6588
3881
8058
2366
3054
5670
8243
9663
6387
6593
7396
7734
4285
2594
5426
5716
3149
5142
7836
9755
7241
9548
2477
8089
3036
1538
2484
628
9694
559
4033
5478
6149
1985
7027
2523
2524
8667
6256
9097
7443
3079
1780
3584
2791
4386
9742
5185
8115
5928
2071
787
1751
7197
5060
9924
4713
6079
2942
301
9513
1128
3856
7370
410
1368
8177
9608
1245
1042
9811
2559
607
7894
2747
514
1095
2575
7938
2100
2409
2669
8331
9470
5518
9382
966
9311
8407
7784
6724
8771
3696
8499
2364
4694
3282
1877
5246
3995
7979
8549
9846
8200
1313
7396
4947
8309
2501
1601
7656
1733
3941
8124
2066
419
8421
1885
5499
1297
9935
8470
2735
5373
8584
7990
2413
469
3909
3647
2624
1772
3725
2539
3263
733
7457
1626
2610
1392
1930
431
8038
379
2017
1500
3842
2891
885
6091
9931
1955
968
4703
533
5155
3835
3290
6667
1501
2827
496
4288
5364
1100
1660
1239
3126
8325
2609
624
1596
6540
7475
6965
9823
5636
1223
6580
781
6644
6217
2573
8380
1178
3965
7566
6734
7952
3688
989
2854
4733
2687
7638
139
7727
8463
918
3834
5671
1584
695
5392
5110
2900
8284
1176
6263
9396
1088
2626
5516
4845
9402
1461
4398
5718
868
4438
4447
8534
9980
617
9554
2468
1354
568
7310
7262
947
7874
2639
9006
718
9429
4189
2474
117
8271
3985
2875
526
7137
2325
9089
8970
4806
8619
1412
2589
1698
145
13
9744
4670
5843
2999
3076
4067
4097
6272
8712
1285
4835
9013
9868
2227
875
333
6550
1499
4122
7732
405
4899
741
4427
3029
4118
8761
6174
5539
4891
7949
8678
657
3148
7383
496
7259
9926
5649
8238
7563
8364
4797
492
3514
6945
8343
5141
8712
2278
618
951
9663
3904
4982
9173
2067
7821
2209
1580
9340
9497
5771
2376
3526
5212
9350
1015
712
2070
69
4270
661
7198
6452
3243
6608
6920
7545
9466
8163
277
5418
4268
1282
2319
4272
7237
5307
8133
7738
3958
1504
8403
372
1786
8969
6581
9384
6436
3667
7374
1542
8313
1598
1364
6193
4586
9222
127
5514
405
735
6194
6321
8635
8903
1880
2217
2597
1782
8291
6588
6083
4665
7441
1822
1494
8032
2928
3750
6783
3172
9044
9259
7143
5469
6534
4571
2752
3779
6415
2593
3420
3764
1749
6360
5917
8517
8341
4667
4828
5420
2562
4159
4414
9342
6012
2436
7843
6036
2021
6711
1297
1395
3232
1260
3137
8876
5563
4602
5192
593
8575
4135
4040
7785
2453
2725
2728
6774
5483
6317
6338
9957
3464
2780
156
2870
1996
8907
8313
9805
4347
1156
1200
3927
731
3361
8733
9921
636
694
4103
7862
1272
4338
8930
375
9307
9539
4901
4368
5573
9640
2367
5097
77
1706
966
3242
2376
2941
4912
2130
6954
9667
4165
7642
6973
227
1972
2677
2192
9720
2598
7835
1041
716
6512
7846
2638
7847
1949
5421
2745
7651
8219
4815
9738
9890
948
3570
6009
6785
6320
7309
5148
4526
7081
5602
2029
8761
959
2720
7232
7175
5773
8952
2899
3021
6348
6942
2727
8395
8134
6403
3007
4982
3102
3521
5271
442
3422
6550
230
1536
209
8372
2486
2173
514
456
3380
7483
2165
1594
2707
3788
7940
6468
2662
5387
828
6983
9182
3318
8634
8906
5312
5737
7984
5429
8827
3404
924
5533
5944
8833
923
9856
1859
1510
5322
9972
5913
9922
4893
650
4898
4445
9860
3529
1857
6960
5178
488
2634
2752
607
4108
484
8405
4969
5188
814
4048
5207
3456
6999
5324
4566
2265
8872
7299
4968
4269
9157
5684
5745
6138
1109
3732
1507
1165
6653
196
7453
8715
9204
2689
3199
3840
3986
3713
3457
7253
9898
732
4469
1144
1882
6505
8379
375
2928
2299
5971
4124
47
7692
5224
6880
1363
7625
2075
7225
7857
861
5773
1654
8803
8818
9233
5053
1458
1237
3985
6514
5765
2586
6128
4539
953
1185
2432
4929
4449
6199
2997
2666
7392
9407
5594
4901
548
7330
7202
213
8150
8037
2161
9106
2367
2059
749
4284
